110101001010010001001001011101011110101101011100101111110001
101000001000000100100000110100101101100100100011010111110011
100101101011011100110010010100001000001011010010110110110100
110101001011010101111001011100001110101101111010100110110001
111111011010101101110011011101001101101101100011000111011100
110101001011110001111000011100001011101101110010100010110001
110101001011011101110011011100011110100101111010100111010111
111000101011010101111001011100000110100101111011100110010101
100101001011010101100001101010011110101001111000100111110001
110101000111000000111100110110001110100101101011110101110011
101011100100100010001110110101100010001111110111011111101000
110101001010010101110011011100001110100011011000101110010101
110101001011011101111011011101001110101101111010100110110001
010101011011110101111001011110011011001011011010101111100001
110000101000101101111011011101001010101101111011100111010000
100111000011001110111001011110100010001111111000100100111001
110100000000111010110011110101010011100001111010100011110011
110101001101110001110001011101001101001001010110000110110011
101001101111110110101001111010010111111101111110100010110111
111111100001101101111001010000001110000001111101100111101111
110101001000010101100110011100001111101001111010110111110011
110101001011010101110011011101001110101001111010100110110010
111001111000011101010001000001110011100101101001101111000111
010111110101110010000000100101110110000101010010010110011110
111001101001100101111001011100110011100001101010100111110010
000111011001110111001100110000001001101100010010001010101001
110101101101010110110011110101010111101001111110100110110011
000000000001101001101010110001100011001001111100100010000110
000101111011100001001101000100010111000111011011100110010110
110101001010110101110001010101000010101001111010100111010110
100101101001110101101001111110001010111101111110100110110001
111101000011011101101000011100101110100101111011100110010001
100101101011110001001100011100000110100000111001011110100101
101100000111000001110001111100101110100101101111100010010100
110000000011011101110011011101001110101101111010100110010000
110101001011110100101000010100101110101101100010000010111001
010110011101101100100011100000011010001111111110101111000011
110101101001110101111001010100010111001101111011100110110011
111000001011001101110001011100101100100001100011000110110000
101000001001100110110000011101100010101101111110110011010110
110111011111010101111001000010001110011101111110100110110001
110000001011011101111001011100000100100111101011100110010001
111100100011100101110001011101111110101101111011100111010111
011011000010110101011001001000001110001111101011101100100001
100101001011010101011010011100001110100101010010111110000001
110111111001011100111011010100000110100111111010100110001001
000111111000100011110010011011001011101111111000111011111000
010001001011010101011001001100101110101111111001100110100001
110101001000010100110010011101000110100010111010100011011010
110101101001011101110011011100000010000101111010100110010100
110110011111000101110011111111001110100101111000101100010100
110101001010010001111010111111011110101001111110100011110001
010101101010010101110011001111111011111001101011100110000101
110100001010100101111001010100001011100001111010100111010001
111000101001110100111101010100000011000111001010000110010001
110101001011010111111001111100001110101101111010100100110001
100100000011001001111001111100001110100101111110100010010001
110101101011010100110001010101010110001001111010100110110000
110010001011011101110101011100001100101110011000100010000100
110101101001110100111001011100000111001101111010100110110001
100100001011001100101010010100100010000001111011100111110100
100001101011010010111000111100001011101100111011100011110001
110111101001110101111111010101100111001011100000000111110100
110111001011010101011001001100001110101111111010100110100001
110101101011110100100011010100001110101001111010110010110101
110101001010011101110001011100001110100101111010100111010001
110101001000010100110001010100111001001000100011000111111001
110101001000110101111001010100001111001101111010100111110001
100101001111010111111000011100001110101101111010110010110001
111001101010010101010001011101111110101111101001101111110101
110101101001010100111001010101011110001001111011100111110011
011111001000110101011011011001111010011101001010101111111011
110111111100100110101011011000000100100111110101000101100010
110101001011110100111001011100001010001101111011100110110001
010111011111010111000011011111011110101111111110100111100111
101000001001100100101000111101110111101000111010100011010110
101000001001100100101000111101110111101000111010100011010110
111110010011000101110001011101101110100011101000100110001001
110101001011010101111001011100001110101101111010100110110001
110101101001100000011100001000000111001100110011100010010001
111000101011110101111101011100000010001111001011000110110001
100101101001110001111101010100000000001111000010100011111001
100111111001010110101101110110101011101111111101110010101001
111101000011001001101100011100001110101100111011100110110100
110101001001010001101111011100001111001001111010100110110110
101000101001110100110010010101110110001111000010110111111001
011001001011011101010001001111101110110001101000101110000000
110101001011010100110001010101111110001001101011100110010000
010111011011110111011011011110001010001111011010101101100100
110001101011001101110011111100001110101001101010110010110101
111100000001001100110001011100100011000101111010100110010000
110110011011110001111100000101101011111001100000101110010111
010111001011010101011011001001001110100011111010100110001101
111001000010110100110001010101011011100101111010100110010100
110101001000010101111001011101001111101001111010100110110001
110101001011010101111001011100001110101100111010000110110001
110101001111010101101001011100001100111101011110110000111001
100101001101111001101111111110011010000000110011100011110000
101101001001010111111001011100101010101001111010100110010100
100100001011000011111010011100001110100001111110100110010100
110101001011010101111101011100001100101101110010100110110001
101100000011001011101001111100001110101101111011100110010001
010001001111010111110011101010001110101101101011100110110011
111101001011010111101001110110101010001101101111100010111001
110111101011110100110011011101010111001011110000000111101011
110101101001010101111001010100000110001101111011100110110001
110101001011010101111001011100001110101101111010100110110001
101000101100010110110001110111010110001001111010100111010000
110100001010110101110001011101010010101101111010100111010111
101111001110000111010011011010001100111001110110000110010011
111101000111000110101010111100000110001001101010100010110010
111100011011001101010001000010101010000101101001100100000001
010011001001101101110111001100111011100010001001000010101001
111001001000011101111011011100011111100001101011100110110011
010111001100001101010110011100010010001110010101011001011100
010101111011110100010011000101001010000001111001100111100010
100101001010011101110001011110001111000101111110100111010101
000101011001110100010010101111001101001000011110101000110010
110000000001000100110100010101000001100001111011100110111100
011000101011011101010001001110101110101001101011101110110101
110101101010110101110011010100011010000101111010100110010000
110101101111101100111001010000001010011001111010100110010101
110101001011011101110001011100001110101101111010100110110000
000011000011011001010001101100001110100011111000110110110100
101001001011011100100011110010101010111101111110100100010001
110101001010010101101100011100001000101100111010010111110001
110001001101110101101001010100101010001101101111110100110001
010101011111010100101001001100000010001101111111100110100001
010101011111011100011011000101000010111001111111100101100110
110101001011010101111001001111001111111101111010101111110001
100101001101111001101001110101000011100100110010110010111011
110101001011010101110001011101011110101001111010100111110101
110101001001101101110011011101001110001001111010100110110101
100101001000010101111000001111011011111001111010110001110011
110101001011111101101011110100000110010001111010100100010000
101101000001111011011000110110000010101011001010101100100001
110101001001011100110001011100100111000101111011100110110000
110101001011011101110011011101001110100101111010100111110010
110101001011110101111011011100001011101101111010100111110001
110101001011010111111000110100001100101101110011010010110011
010000001011011101011001001100011011111101101011101111110011
110101001011010101111001011101001110100101111010100110010101
110111111010110100010011010100011011001001011011100110100001
110101001111110111101011010011010110011101101111100111010110
010100101111101100111001000110001010000101111110100110110001
100110011000101000010001010100100110100011011000111010010111
110101001001110101111001001000011011001101111000101110110001
110100101011000100110011010101010110101001101010100110010100
110111000011001101011011011000111111100011101001100110010100
110101001011010111100010111100001110101101111110110110110011
100101001011010011001001001100000010101101111010101110100001
110101001101010111111001011010001010111101111110100110110001
110101000011000101111001011100001110100101111010100110110001
110101001110110100111001010001000010011100010111000101110001
110011000011010101111001011100100111000101000011100110110101
110101101000110100110011010101001010001001111010100111110001
111010001111001111100000011000101100110111011010100110001001
111011001011001101010001001101101111100101001010101111100001
110000100010000100111001010100011110100101111010100111110001
000111101011011101100100101101001010001111111001101010010101
111000101111111100101011010101101110100001101110100110010000
110101001011010001111100011100001111101100110010100110110011
110101001011010101101101011100001110101101111010110010110001
110010010010000111111001110010010111001011011100101101110000
100101111001110100001111011100000101101011101010110010101001
110101101011010100111001010100000111001101111010100111110001
110101001011010001011000011000001110101100111010100110100001
100000001101110111101100010100001101100100111110000011110001
100101001111010011111011111001001110110101111100100010000101
110101000001000101110011010100000011001101111010100110110000
011001000011000101110001001100001110100001101011101110100000
110111011100011101000010011100011110101011111110101111000101
111001101111010101011011001110101110100101101001100110110000
101010011011001101110000101110001110100100010000011110110101
100000001111011001111000111100001010101100110010100011111001
111101101011010100110001000110100110100111111011000100100100
110101001011001101111011011101001110100101111010100110010101
111001000011010100011001001000000110101101101011101110110001
110101101011100100111011011100111010101001111011100110110010
110110101010011100110001010100010110101011011000100110000010
110111101011010100101001111101100100101000101010110110111001
110000100011010100111001011100000010001101111011100110010001
110101011011010101011001001111001110111001011000101100000000
010111000100010101111001001011111011111001011011101111100001
111101001010001000011110010100011111101110101011000111000101
110111001111011000100010011101000010101100010110100011111110
100101001011010101101110011100011111101101111010110111110011
111000001111000111101011111000001110111001111110100110010001
110000001001000101111001011100111111100001101010100111110011
010101001011010101110001011100001110111101111110100110110101
010101001111010101011000111010001110111101111110100110110001
010111101101001111010011101110000010011111101110101111000100
111000101001110100111001010100101011001101111010100110110101
100001001101100011101001110100100111011101111110110110110001
010000000000110101110001001100010000101101000010001110100100
111011000111000100100001111100000100001101001110000010011101
110101001011010111111001111100001110101101111010100100110001
111000001001100010100001110100000111001101111010110110010100
111000001010010101110001011100101100100001111010000111110000
110111111010110100111011111100111010001111101010111010100001
010001000001000101110011010000011110000101111010101110110101
110101001011010011101100101100011110101011010000010111111001
001111011011000111101000101100001110100101101110100010100001
100101111100111000101010101101100010000000111111100001100100
110110010001111101111001010100010110001011111001101111100000
110101001011010101111001001100001110101111111010101110111001
110101001010000101110001011101011110100101111010100110010101
110101000101010101101011111101011111100101111110100111110110
110101101011111101111011011100010110101001111011100110110101
111000101010000101110001011101001111101101101011100111110101
111001000011110101111011011101111011100001101010100111010110
011011011011101110010000100100100010001111101111100010000100
110100001011111100110001010101100010001101101011100110010100
110101101000001100111001010100000010101101111010100111010000
110000000011000101110011011100001110101101111010100110010101
110101000001010101111001010101011010101101111010100110010111
100101101011110111111000010101001010100100111010100010010101
100101001011011101110101011100001101100011110010110010111001
110111101011010101011011010000001111100011100001000110011100
110101001000010001100000011100010011100000111010100110010000
000011010111000101011011101100100110101011011111100110101000
010111111100010010111001110000000110111101111010111101110001
110101001111001101001011111110001110111001111010101100110000
110001101001001100111110010100110111100000101011100111010100
111100000101010101111001011000101010111101101010100111110011
110101101011010101111111011100000110100100010011000010011001
100111101011010101111101110100001010001101111011110010111001
100000001011010110111101010110101000101110011010000100111001
100000000011001101111111111100001110110000110110100011010100
110101001111110100111011100000010111111101111011100100110011
110100101000100101110011010100100011001001111011100111010101
110100001001001100110011010100000110001101111010100110010000
111001101001100100110001010100100111000001111011100111010101
010111111110010101001001000010001011011101111010100111100001
111000001001000101111011011100011101001101100011000111111001
010101001011010101010001011000001110111101101000101110110001
110101001000000101110001011101011110101001111010100111110011
110101001000000101110001011101001110101101111010100110010111
110000000111011101111001001010001110100101111010101110000001
000111001000010100001001101000001111011011111100100100111011
100000101010010010110000000001001011001001111111100110000011
101001101111011110101001000110101111000101101011100111010101
001101101010010101111001100110001110011101101100100110110001
110000000001011101111011011101101110101001000010100110011011
010101001111010101110011001000011110111011111100100110110010
111100001011001101111001011100100110101101101011100110010001
110101101011110101101101111100000110101110011110100000110001
100101001110000001111001111100001110100001111010100011110101
110111001110111101111011001100011010000001010110000111110000
110000101011011100110001010100100010100101101011100110110101
010101001011010101111001011110001110111101111010100110100001
110101001011010101111001011100001011101101111010100111110011
101000001011001111111101011100101110101001111110110010110100
110000000011001100101000010100101110001101111010100010110001
010111101011010100010001010101100010001111101001100111110110
110000000011110101110011011100110010001001111011100111110000
110101001011010111101001011100001110101101111110110110110001
101000001001100100101000111101110111101000111010100011010110
110111011011000101111001011100001110101111111010100110101100
111110010011000101110001011101101110100011101000100110001001
101100000011000101111001101010101110111111101110111000110001
110101001011010101111001011100001110101101111010100110110001
110001000001000101111001011100001011001101101010100110010101
110101101001100000011100001000000111001100110011100010010001
011011011011011000101110011001100010001000101011100010100101
111000101011110101111101011100000010001111001011000110110001
110000101001101101111101010100100101001100111011100110111101
100101001010010011100000011100001111101001111010100010110001
110101011001010101110011011101001011101001110000001111111000
000101001011110100110100010100000110101100110011101010000001
110101001111010101101001101000001110111101111110100110110001
100101001101010000101010010100010110101001111111100011110111
111001001011010101111001011100001110100101111011100110110001
010101101011010100011011000010010010000101111110100111010000
100101100011010101111000011100101110101101111010110010110001
000101011011010111101001111000001110101101111000110110110001
011101000011010101011001001100101110101101101000101110100001
101110000011011101101001111010101110110111111100100100011101
000011010011110100111001101101010010101011111100111110110001
110101001010110000110001011101011110101101111010100011110100
011000001011011001010100011000001110110010010011101110101100
110100000011001001111101011100101100101100100010010010010101
111101000110111111111001010010011010011101111010100110110001
110011010111010110101011100010101111111001101011101100110100
111000001011000111101001001000101110100101101010100110110001
010101111011100101111001000100100010001111001000100110011001
110101001000010101111001011101011111101101111010100111010111
010110000011001111101001011000101110111101111001101110001101
011111111010100101010011000100010110101101111010101110010101
111101000011001100111001010100001110101101111011100110110101
000111111001111001101000011101011010100111111000101111010011
111110000010010100010011010101011110101111111001100111110011
100100001001001101101010111100011010100101111010100111110001
100011011011010000011101000000101010001101101001101110100001
111101101010000100111001011100111110100101111010100110110000
110101001110011111110011111101001111101101111010100101110001
110111011011101101111001001000000010011101111010100110010001
110101001011010101111001011100001110101101111010100110110001
110101101001110100111001010101000111001101111011100110010000
110101001001110101111001010100001111001101111010100110110001
100101101010010000111110010100000110000101111110110010010001
110111001000010101111011010100011100101111011010000111110001
100101001000010101110101101100011101101011110000111011111001
010010111001001100010011011000011010000001101011101110110011
011100001011001001010001001010101011100111101101100101011111
111101100011101101111000011101101111101000100011100110010101
010001101011010101011001000100101110101111101001100110110001
010111011010111101010011011101011110000011111010100110100001
110101001001010101110011011100011111101001111010100110110011
010101001011010101111001001100001110111101111010100110110001
101110010010100100111011000100101110000011101111100101100011
010010100010001100011000010100100111000010111000111111110010
110000000001001100110011011101100011001001111010100110110001
010111011010001101010011011000011111111011111000100111110011
110101001011010101111001011100001110101101111010100110110001
101001000110101100110001011100101011001001111010100111010001
000111011010010101010010001001001110111011010000111011100011
110101001011010111111001011000001110111101111110100110110001
111100100001001101110001000100010010000101111001101110000100
110100001010000101010101001101001110101001010010101011000001
110111000111101100100001111010101110110000000110010000110100
110101001001011101111011011100011010101101111010100110010001
110101101011010101111001011100000010101101111010100110110001
110111101110111101110010110101110110100111101100100010001101
110111101111110101111011010010000110111111011001101110000101
010101011011010101111001001000001100101111111000101110100001
111111111011010101011011011111101110110101101000100100110111
011000100001011001010110010001000011010101111011100011110000
110100000000001101110011010100000001001011010010000111111100
110101101011010110111001110101010010101001111011100110110001
111000001001111101110111011100011110001000100010110011110001
111100010111000101111001011110111110011001111010101101010101
110010000111011101100001001100001110100111111100101110110011
110101001111010101111001011010001110111101111010100110110001
111010010011001101011001011101101110101111111010101110000100
110101001011010101111001011100001111101101111010100110110011
110101001001110101111100011100001011101001111010010010110101
110101001011011101110001010100001111000001111010100111110000
010111111011000100010011010100001110100001010001001100010001
111101101011010101111001010100001010101101111011100110110001
101000000001000000101001011100001111100101101011100010010101
110100000011010000111010110101000010001101101011100110010101
100101001011000100111000011100101010000101101111110010010101
110011011000011101110011010100101011100011010011000110111001
110101001010010101110101011101001110100100111010000011010110
100101001010110000101000011101000010001101111010110011110011
111100100010111101110001011100001011000001111010100111010000
110101100001001100111001011100100111001101101011100111110101
110001000011010100111001011100001010001101111011100110110001
110101001111010101001011011101001110101011110100001110011000
001100000011010101101001111000001110111101111110100110110001
110011001010010101011001011100101011100001101011101111001011
111000000011010100101001010100000010001101111011100010110001
111100000011011100111111010100101000001000110010100110110101
111001000101000111101001011100011011001001101011100111110111
110100100011011001100001111010001110110101101111100110110000
010101001000010100010011010100011111101101111000101110100011
110111001101110001101001110111011011101101011000100100111000
010100100111010100111001110000000010110101101010100110110001
111100000001101110001001001010101010100101111001100110000001
010111111001010111010011111001110010001101000111001101111001
110101001011001111110001011111011011101101111110100100010101
101001100011010100101100111100101110101101111111110100110101
111100000001010101111011011101010110101001101011100110110000
100011000011010101111011111100001110100011101100100100011100
010101101011010100011001000110000110110101101010101100010100
110101001011001101111001011100001110100101111010100110110101
110000000001010101100111011100100111100101111011100110110001
111000101001100101110001001001011110101101111011100111100100
110100001001101100110011011101011110100101111010100110010000
110101001011110100111100111110001010001100111011100000110001
110111001011010101111011011100001110101011111000100110111100
010101001001000110100010001101000010011101111010111010110101
110101001011010101111001011100001100101101011010100110110001
110101001011110001111010010100001011100000111010100011110000
011001100010100101111001011110001110111001101010100100010101
110101001001010101101001111100001010101101111110100110110001
111001000111101110101010011111001010000001101011100000110100
111000001011001101111001011100001110100101101011100110010001
100111011001010011110000111100001010000001011010101011100100
110101001010110100111001110101101011101101101111100101010100
110101001001010101101001010100001111101101111110100111110001
110111001000110101111011011100011111001111111010100110111001
110100001011000100111001010100000010101101101010100110110001
010011011001010001011001011000011010001001111000100011010101
100101001011111010101011110101001110001001111010100110110001
010101001011010101011001011000001110111101111010100110110001
110101101010110100111001011101010010101001111010100111110011
110001001011101100111001010100101110001101111010100110110101
100101001011010111111001011100001110101111111110000010110001
101001101001101001111010011100011101001111001011100011010100
110101101011011100111011011100000010001001111011100110110100
110101000011010101111011011100001110101001111010100110110011
110101001000110101110001010101001011100001111010100111010001
100101001000000111111010111100001011100001111010100011110011
110101001011000101110001111100001110100101111010100100110100
010101001011010111101110011111001100111100110110011000011000
111101000111111100010011011011101110010001111110101100110101
000100101110110000001000010010001011001101111110110000110101
111000100010011101111001010100101010101101101010100110010101
110101001011010001110111011100001110101001110010100110110000
110101001111010100101000011100101110101101101111100100110001
110000000010010110001001111100001110110001101110100110010100
111110101000100101111001010100100010101101000011000111110001
110101001011001101111001011100001110101001011000100110010000
111000011001000101110001011100011010001100001010101111101011
000101001011001111111001101000001110100001111010101110100011
010100001010010101011011001100101110111001111001101110100011
010101001111110101000001100011001111001111111110101110100000
100100101001000001111100011100010111000001111011110010110010
110000000011010100111001011100000010001101111011100110010001
110000000011000101111001011100101110100101101010100110010001
000101001001011101010000001101001011101101111110110010110001
111101101011010100110001011100011110101001111010100111110001
110101101011010101110011011100000110100101111011100110110101
110000001011001101110001011101000010001101111010100110110101
110101001011010101101011011100001110101001111110100100110011
110001000011011101111011011100100011100101101010100110110101
010101011011010101111001001110001110111101011000101100101001
010101101011010100010001001001011110101001111001101110100011
010111011111110111010001000001101110101101101110101110100101
010001101011110100111001000110101011011101101011100101100001
110101001011110100111011010100001111101101111010100111010101
011111011011010101011001011100100110101111111010101110100001
110111011010000101110001011100001111100011011010101111100000
111100001011011100110011010100011111101101111010100110110000
111001001000000101111011011101101110101111101011100110100011
010111100011001101111011011000001111011011111011101110010100
110001001011001100110001010101001110101001101010100110010111
100100001111011001110000001010001110111000101100110110110001
100101001111010101101001111100001110101101111010100100110001
111001001011011001111010011100101100101100111010010111010101
111101001001110100111001010100001011001101111011100110110001
110100101000111100110001010101000010001101111010100111110010
110101001111010111111011111010001111101001111110100101110001
110101001011010101111001011100001110101101111010100110110001
111100000001101000111000010100000011101110010011110010011001
111100100011001100110011010101100010100001111010100110110000
100111101011001101111001111100110111110011101000100101111001
010101001111010101111001011010001110101101010110000110111001
101100001011011011111100011100001110100100111110110010010000
111000100001000100110011010101001111000101101011100110010100
010101011011010101010001111110001110111101111010110001110001
110001000001100101011001010000101010000101101010100110110000
110001000011000101111001011101001110101101111010100110110100
110100101011000100110001011100010011101101111010100111110110
110101111001010110111011100100011110011011011011101101110011
110101001001010011101010111101011111101101111010110001110101
110100000001110101110001000110100011000101111111100110110100
100101001011001011101011011101001110101101111110100110010001
111111001001010100111001011100001011001111000011000110111001
110001000011101100111001010100101010101101111011100110110001
011101000011001101111011001111111110100001101010101100100101
110000101101010111101001011110100010101101111010100111010001
110001000011011101111001011100100010000001111011100110110101
111101011011100101010001001101000010001001101011101110110100
111001001011110101111011010100000010100001101011100110110101
110101101011010100111011010101001010100100110010000110110101
010100001111001001011001001100001110110101111110101000010100
011100100000010000100000011110000111111101101110100010010111
100101101011001110110001011101110110101001101010100110010100
111001101011110101110111011101000100000110000010000111111001
010111011110001001011110001010001010101100110010111010110111
110101001011010101111001011100001110101100110010000110111001
010001011111001111111001111010001110111101111100101110100101
110000010011000111001011001111001110111101111100101000000101
110101001011011000111010010101010110000000111011100110010100
